[SETTINGS]
WIDTH=1.12000000476837
LENGTH=2.3199999332428

