[DASH_CAM]
POS=-0.350003,0.892491,0.0341903
EXP=0
